42.999705002401065
3.3110151877281555
2.6809482094045
4.35929587078761
0.996490299523206
1.0409285507326405
0.810626019982058
0.8117193391299933
0.751557970034824
0.7457766537968828
0.7455080912272084
0.7470325690043783
0.7385735099426955
0.7351924405763105
0.733862614315498
0.7333679874767277
0.7332645752373572
0.7333982778596707
0.7329028064736423
0.7325015725358959
0.7321870343577747
0.7319468844305638
0.7317662644625893
0.7316305515090573
0.7315271642406129
0.731446186476347
0.7313802108150571
0.7313238907553968
0.731273462407309
0.731226319953488
0.7311806674019988
0.7311352511488068
0.7310891673924499
0.7310417331945788
0.7309924090550225
0.7309407602927919
0.7308864434034636
0.7308292042183151
0.7307688782033176
0.7307053879536587
0.7306387366989765
0.730568998617841
0.7304963073245332
0.730420843705215
0.7303428238675221
0.7302624876345114
0.7301800878721229
0.7300958809444298
0.7300101186207913
0.7299230417114644
0.729834875551477
0.7297458272297151
0.7296560842603569
0.7295658142985005
0.7294751655307222
0.7293842674735441
0.7292932320174412
0.7292021546236935
0.7291111156208379
0.7290201815719344
0.7289294066964742
0.7288388343285492
0.7287484983782646
0.7286584247485745
0.7285686326594883
0.728479135843834
0.728389943596503
0.7283010616782383
0.7282124930838597
0.7281242386842243
0.7280362977515659
0.7279486683799097
0.727861347814144
0.72777433270306
0.7276876192917725
0.7276012035654098
0.7275150813538485
0.7274292484074002
0.7273437004517658
0.7272584332277136
0.7271734425191078
0.7270887241718293
0.727004274105806
0.7269200883226221
0.7268361629113139
0.7267524940532926
0.726669078024846
0.726585911195996
0.7265029900269093
0.7264203110640522
0.7263378709368317
0.7262556663537642
0.7261736940981457
0.72609195102462
0.7260104340573987
0.7259291401895344
0.7258480664822005
0.7257672100631534
0.7256865681242183
0.7256061379182452
