6.366030320058719
3.8952062709712685
2.8032195819653403
2.110885058389334
1.7525889395297423
1.5641546228942715
1.4523804037209223
1.3058009122077778
1.166264216105364
1.0363911355408055
0.9430107572786597
0.8559209132761809
0.7947994082119504
0.7449569774763694
0.7033389910096934
0.672762984614823
0.6558174953604802
0.6242823800089122
0.6175451449241397
0.5926970463425582
0.5915918836305479
0.5724451924452737
0.5742234028117257
0.5740676160794942
0.5764852422626531
0.5767534357173935
0.5767803461791874
0.5767830381313863
0.5767833073356661
0.576783334256185
0.576783336948238
0.5767833372174427
0.576783337244363
0.5767833372470552
0.5767833372473244
0.5767833372473514
0.5767833372473542
0.5767833372473552
0.5767833372473554
0.5767833372473554
0.5767833372473554
0.5767833372473554
0.5767833372473554
0.5767833372473554
0.5767833372473554
0.5767833372473553
0.5767833372473553
0.5767833372473553
0.5767833372473553
0.5767833372473553
0.5767833372473552
0.5767833372473552
0.5767833372473552
0.5767833372473552
0.5767833372473553
0.5767833372473553
0.5767833372473553
0.5767833372473553
0.5767833372473553
0.5767833372473553
0.5767833372473553
0.5767833372473553
0.5767833372473553
0.5767833372473553
0.5767833372473553
0.5767833372473553
0.5767833372473553
0.5767833372473553
0.5767833372473553
0.5767833372473553
0.5767833372473553
0.5767833372473553
0.5767833372473553
0.5767833372473553
0.5767833372473553
0.5767833372473553
0.5767833372473553
0.5767833372473553
0.5767833372473553
0.5767833372473553
