78927.65600946955
9090.351707360893
413.18401416546374
1324.9566723264384
141.03168853091051
140.2832337372657
107.49269362436242
87.54414595279812
96.05166198949598
64.9329584946496
63.08637360705539
64.52088167174203
61.62791884413005
62.61501770983998
58.77921454815267
58.76740504624874
58.78733089865452
58.68235712593717
58.67077792727931
58.66113038173951
58.64428211912297
58.63276027186845
58.625119099755985
58.61015175459147
58.59025076322833
58.57021755073108
58.54923760013962
58.52770698816215
58.50583465239437
58.49564737510646
58.49138710684692
58.5067916565917
58.39699516311574
58.38632252705257
58.37835692951223
58.370800614981235
58.36341272216634
58.35589813176694
58.34817217155831
58.34007072220952
58.33150424732295
58.322380392641236
58.312665464433174
58.30222130974502
58.29085288795505
58.278564132413386
58.265219749367716
58.25070839288336
58.23496891941547
58.21795401837952
58.19962771849639
58.17997196650009
58.1589920279203
58.13670426613618
58.113117611911235
58.088262895760344
58.0621954853151
58.03498234205947
58.00670320077137
57.97744844361971
57.947314103814584
57.91639802270199
57.88479701509493
57.852604637718706
57.81990958148709
57.78679489424453
57.75333845260648
57.71961552345545
57.685703684955875
57.65167005724044
57.61756761193351
57.58337444813091
57.54909058131042
57.514751614616806
57.48039737272226
57.4460593688265
57.41174886420743
57.3774524300672
57.34314827826077
57.308844017627024
57.27457878191016
57.240376045774816
57.20623656772981
57.17215456943754
57.13812497968431
57.104144743147216
57.070213060011596
57.036332078518654
57.00250716588805
56.968742735867615
56.935036419484945
56.90138252488066
56.86777762196118
56.83422095389832
56.80071328769186
56.76725608553879
56.73385072209939
56.70049763700687
56.6671960055851
56.63394423599238
